23.292332	0.000000	22.835636
23.392338	0.000000	22.912058
23.492344	0.000000	22.931164
23.592350	0.000000	22.835636
23.692355	0.000000	22.835636
23.792361	0.000000	22.892953
23.892367	0.000000	22.854741
23.992373	0.000000	22.873847
24.092378	0.000000	22.835636
24.192384	0.000000	22.892953
24.292389	0.000000	22.854741
24.394395	0.000000	22.873847
24.492401	0.000000	22.778319
24.592407	0.000000	22.892953
24.692412	0.000000	22.931164
24.792418	0.000000	22.873847
24.892424	0.000000	22.835636
24.992430	0.000000	22.931164
25.092435	0.000000	22.854741
25.192441	0.000000	22.854741
25.292447	0.000000	22.873847
25.392453	0.000000	22.854741
25.492458	0.000000	22.873847
25.592464	0.000000	22.912058
25.692470	0.000000	22.854741
25.792475	0.000000	22.816530
25.892481	0.000000	22.931164
25.992487	0.000000	22.873847
26.092493	0.000000	22.816530
26.192498	0.000000	22.873847
26.292504	0.000000	22.950270
26.392510	0.000000	22.854741
26.492516	0.000000	22.892953
26.592521	0.000000	22.931164
26.692527	0.000000	22.854741
26.792532	0.000000	22.854741
26.892538	0.000000	22.892953
26.992544	0.000000	22.835636
27.100550	0.153061	22.873847
27.197556	0.408163	22.835636
27.292561	0.561224	22.816530
27.391567	0.612245	22.892953
27.500573	0.663265	22.950270
27.591578	0.765306	22.892953
27.698585	0.765306	22.912058
27.791590	0.867347	22.854741
27.891595	0.867347	22.873847
27.991601	0.918367	22.892953
28.091607	0.918367	22.892953
28.191613	0.969388	22.854741
28.291618	0.969388	22.931164
28.391624	0.969388	22.892953
28.491630	0.969388	22.931164
28.591636	0.969388	22.912058
28.691641	1.020408	22.931164
28.791647	1.020408	22.931164
28.891653	1.020408	22.931164
28.991658	1.020408	22.892953
29.091664	1.020408	22.912058
29.195670	1.020408	22.912058
29.291676	1.071429	22.912058
29.391681	1.071429	22.912058
29.491687	1.071429	22.892953
29.591693	1.071429	22.892953
29.691699	1.071429	22.950270
29.791704	1.071429	22.912058
29.891710	1.071429	22.950270
29.991715	1.071429	22.892953
30.091722	1.071429	22.873847
30.191727	1.071429	22.892953
30.291733	1.071429	22.931164
30.391738	1.071429	22.950270
30.491744	1.071429	22.950270
30.591750	1.071429	23.045798
30.691756	1.071429	22.969375
30.791761	1.071429	22.988481
30.891767	1.071429	23.045798
30.991773	1.071429	23.007587
31.091778	1.071429	23.007587
31.191784	1.071429	23.007587
31.291790	1.071429	23.045798
31.391796	1.071429	22.988481
31.491801	1.071429	22.950270
31.591807	1.071429	23.103115
31.691813	1.071429	23.103115
31.791819	1.071429	23.160432
31.891824	1.071429	23.084009
31.991830	1.071429	23.141326
32.091835	1.071429	23.122221
32.191842	1.071429	23.179538
32.291847	1.071429	23.103115
32.391853	1.071429	23.122221
32.491858	1.071429	23.122221
32.591864	1.071429	23.160432
32.691870	1.071429	23.084009
32.791876	1.071429	23.160432
32.891881	1.071429	23.255960
32.991887	1.071429	23.294172
33.091893	1.071429	23.255960
33.191899	1.071429	23.294172
33.291904	1.071429	23.255960
33.391910	1.071429	23.313277
33.491916	1.071429	23.332383
33.591921	1.071429	23.236855
33.691927	1.071429	23.351489
33.791933	1.071429	23.217749
33.891939	1.071429	23.294172
33.991944	1.071429	23.427911
34.091950	1.071429	23.408806
34.191956	1.071429	23.447017
34.291962	1.071429	23.427911
34.391967	1.071429	23.408806
34.491973	1.071429	23.466123
34.591979	1.071429	23.447017
34.691984	1.071429	23.447017
34.791990	1.071429	23.447017
34.891996	1.071429	23.447017
34.992002	1.071429	23.485229
35.092007	1.071429	23.427911
35.192013	1.071429	23.504334
35.292019	1.071429	23.561651
35.392025	1.071429	23.504334
35.492030	1.071429	23.561651
35.592036	1.071429	23.561651
35.692041	1.071429	23.580757
35.792048	1.071429	23.580757
35.892053	1.071429	23.580757
35.992059	1.071429	23.580757
36.092064	1.071429	23.561651
36.192070	1.071429	23.523440
36.292076	1.071429	23.561651
36.392082	1.071429	23.638074
36.492087	1.071429	23.676285
36.592093	1.071429	23.657180
36.692099	1.071429	23.676285
36.792105	1.071429	23.676285
36.892110	1.071429	23.676285
36.992116	1.071429	23.695391
37.092122	1.071429	23.657180
37.192127	1.071429	23.714497
37.292133	1.071429	23.733602
37.392139	1.071429	23.733602
37.492145	1.071429	23.714497
37.592150	1.071429	23.695391
37.692156	1.071429	23.752708
37.792162	1.071429	23.848236
37.892168	1.071429	23.810025
37.992173	1.071429	23.810025
38.092179	1.071429	23.867342
38.192184	1.071429	23.810025
38.292190	1.071429	23.771814
38.392196	1.071429	23.810025
38.492202	1.071429	23.848236
38.592207	1.071429	23.848236
38.692213	1.071429	23.790919
38.792219	1.071429	23.810025
38.892225	1.071429	23.810025
38.992230	1.071429	23.886448
39.092236	1.071429	23.886448
39.192242	1.071429	23.905553
39.292247	1.071429	23.867342
39.392253	1.071429	23.867342
39.492259	1.071429	23.905553
39.592265	1.071429	23.810025
39.692270	1.071429	23.962870
39.792276	1.071429	23.886448
39.892282	1.071429	23.905553
39.992288	1.071429	24.020187
40.092293	1.071429	23.962870
40.192299	1.071429	24.058399
40.292305	1.071429	24.001082
40.392311	1.071429	24.020187
40.492316	1.071429	23.981976
40.592322	1.071429	23.962870
40.692327	1.071429	24.001082
40.792333	1.071429	24.020187
40.892339	1.071429	24.001082
40.992345	1.071429	24.001082
41.092350	1.071429	23.981976
41.192356	1.071429	24.020187
41.292362	1.071429	24.115716
41.392368	1.071429	24.115716
41.492373	1.071429	24.020187
41.592379	1.071429	24.134821
41.692385	1.071429	24.115716
41.792390	1.071429	24.173033
41.892396	1.071429	24.134821
41.992402	1.071429	24.115716
42.092408	1.071429	24.115716
42.192413	1.071429	24.096610
42.292419	1.071429	24.115716
42.392425	1.071429	24.192138
42.492431	1.071429	24.192138
42.592436	1.071429	24.211244
42.692442	1.071429	24.153927
42.792448	1.071429	24.173033
42.892454	1.071429	24.230350
42.992459	1.071429	24.230350
43.092465	1.071429	24.249455
43.192471	1.071429	24.230350
43.292476	1.071429	24.249455
43.392482	1.071429	24.192138
43.492488	1.071429	24.192138
43.592494	1.071429	24.268561
43.692499	1.071429	24.306772
43.792505	1.071429	24.344984
43.892511	1.071429	24.325878
43.992517	1.071429	24.421406
44.092522	1.071429	24.383195
44.192528	1.071429	24.344984
44.292533	1.071429	24.325878
44.392540	1.071429	24.344984
44.492545	1.071429	24.344984
44.592551	1.071429	24.325878
44.692556	1.071429	24.306772
44.791562	1.071429	24.325878
44.891568	1.071429	24.421406
44.991573	1.071429	24.383195
45.091579	1.071429	24.440512
45.191585	1.071429	24.383195
45.291591	1.071429	24.402301
45.391596	1.071429	24.440512
45.491602	1.071429	24.364089
45.591608	1.071429	24.421406
45.691614	1.071429	24.421406
45.791619	1.071429	24.421406
45.891625	1.071429	24.478723
45.991631	1.071429	24.497829
46.091636	1.071429	24.516935
46.191642	1.071429	24.459618
46.291648	1.071429	24.478723
46.391654	1.071429	24.516935
46.491659	1.071429	24.555146
46.591665	1.071429	24.536040
46.691671	1.071429	24.516935
46.791677	1.071429	24.497829
46.891682	1.071429	24.497829
46.991688	1.071429	24.478723
47.091693	1.071429	24.497829
47.191700	1.071429	24.516935
47.291705	1.071429	24.555146
47.391711	1.071429	24.574252
47.491716	1.071429	24.612463
47.591722	1.071429	24.555146
47.691728	1.071429	24.612463
47.791734	1.071429	24.612463
47.891739	1.071429	24.555146
47.991745	1.071429	24.631569
48.091751	1.071429	24.555146
48.191757	1.071429	24.631569
48.291762	1.071429	24.536040
48.391768	1.071429	24.612463
48.491774	1.071429	24.631569
48.591779	1.071429	24.650674
48.691785	1.071429	24.669780
48.791791	1.071429	24.707991
48.891797	1.071429	24.669780
48.991802	1.071429	24.688886
49.091808	1.071429	24.631569
49.191814	1.071429	24.631569
49.291820	1.071429	24.727097
49.391825	1.071429	24.650674
49.491831	1.071429	24.746203
49.591836	1.071429	24.707991
49.691843	1.071429	24.765308
49.791848	1.071429	24.688886
49.891854	1.071429	24.803520
49.991859	1.071429	24.746203
50.091865	1.071429	24.746203
50.191871	1.071429	24.784414
50.291877	1.071429	24.727097
50.391882	1.071429	24.707991
50.491888	1.071429	24.727097
50.591894	1.071429	24.707991
50.691900	1.071429	24.727097
50.791905	1.071429	24.727097
50.891911	1.071429	24.765308
50.991917	1.071429	24.784414
51.091922	1.071429	24.803520
51.191928	1.071429	24.765308
51.291934	1.071429	24.746203
51.391940	1.071429	24.765308
51.491945	1.071429	24.746203
51.591951	1.071429	24.860837
51.691957	1.071429	24.784414
51.791963	1.071429	24.727097
51.891968	1.071429	24.765308
51.991974	1.071429	24.765308
52.091980	1.071429	24.765308
52.191986	1.071429	24.746203
52.291991	1.071429	24.841731
52.391997	1.071429	24.784414
52.492002	1.071429	24.822625
52.592008	1.071429	24.803520
52.692014	1.071429	24.860837
52.792020	1.071429	24.727097
52.892025	1.071429	24.822625
52.992031	1.071429	24.822625
53.092037	1.071429	24.803520
53.192043	1.071429	24.822625
53.292048	1.071429	24.803520
53.392054	1.071429	24.860837
53.492060	1.071429	24.841731
53.592065	1.071429	24.956365
53.692071	1.071429	24.879942
53.792077	1.071429	24.879942
53.892083	1.071429	24.841731
53.992088	1.071429	24.860837
54.092094	1.071429	24.879942
54.192100	1.071429	24.841731
54.292106	1.071429	24.879942
54.392111	1.071429	24.879942
54.492117	1.071429	24.975471
54.592123	1.071429	24.879942
54.692128	1.071429	24.937259
54.792134	1.071429	24.956365
54.892140	1.071429	24.937259
54.992146	1.071429	24.956365
55.092151	1.071429	24.918154
55.192157	1.071429	24.956365
55.292163	1.071429	24.975471
55.392169	1.071429	24.937259
55.492174	1.071429	24.956365
55.592180	1.071429	24.975471
55.692185	1.071429	25.013682
55.792192	1.071429	24.937259
55.892197	1.071429	25.013682
55.992203	1.071429	24.994576
56.092208	1.071429	24.994576
56.192214	1.071429	24.975471
56.292220	1.071429	24.956365
56.392226	1.071429	24.994576
56.492231	1.071429	24.975471
56.592237	1.071429	24.975471
56.692243	1.071429	25.032788
56.792249	1.071429	24.937259
56.892254	1.071429	24.918154
56.992260	1.071429	24.937259
57.092266	1.071429	25.013682
57.192271	1.071429	25.070999
57.292277	1.071429	25.070999
57.392283	1.071429	25.070999
57.492289	1.071429	25.070999
57.592294	1.071429	25.070999
57.692300	1.071429	25.013682
57.792306	1.071429	25.032788
57.892312	1.071429	25.051893
57.992317	1.071429	25.051893
58.092323	1.071429	24.994576
58.192328	1.071429	25.090105
58.292334	1.071429	25.090105
58.392340	1.071429	25.090105
58.492346	1.071429	25.032788
58.592351	1.071429	25.013682
58.692357	1.071429	25.109210
58.792363	1.071429	25.051893
58.892369	1.071429	25.109210
58.992374	1.071429	25.070999
59.092380	1.071429	25.032788
59.192386	1.071429	24.994576
59.292391	1.071429	25.109210
59.392397	1.071429	25.166527
59.492403	1.071429	25.090105
59.592409	1.071429	25.128316
59.692414	1.071429	25.204739
59.792420	1.071429	25.109210
59.892426	1.071429	25.185633
59.992432	1.071429	25.166527
60.092437	1.071429	25.166527
60.192443	1.071429	25.166527
60.292449	1.071429	25.166527
60.392455	1.071429	25.128316
60.492460	1.071429	25.166527
60.592466	1.071429	25.166527
60.692472	1.071429	25.166527
60.792477	1.071429	25.204739
60.892483	1.071429	25.185633
60.992489	1.071429	25.204739
61.092494	1.071429	25.128316
61.192500	1.071429	25.128316
61.292506	1.071429	25.166527
61.392512	1.071429	25.185633
61.492517	1.071429	25.128316
61.592523	1.071429	25.128316
61.692529	1.071429	25.223844
61.792534	1.173469	25.204739
61.892540	1.173469	25.262056
61.992546	1.173469	25.185633
62.092552	1.224490	25.166527
62.192557	1.326531	25.185633
62.291563	1.530612	25.223844
62.391569	1.632653	25.242950
62.491574	1.683673	25.204739
62.591580	1.734694	25.166527
62.708587	1.734694	25.147422
62.791592	1.836735	25.185633
62.891597	1.938776	25.262056
62.991603	1.989796	25.281161
63.092609	2.040816	25.262056
63.191615	2.193878	25.262056
63.295620	2.244898	25.281161
63.402627	2.295918	25.338478
63.493632	2.397959	25.262056
63.591638	2.500000	25.262056
63.694643	2.602041	25.262056
63.791649	2.653061	25.223844
63.895655	2.704082	25.300267
63.991660	2.755102	25.395795
64.091666	2.857143	25.338478
64.191672	2.857143	25.281161
64.291677	2.857143	25.300267
64.391683	2.857143	25.281161
64.491689	2.857143	25.281161
64.591695	2.857143	25.319373
64.707701	2.857143	25.357584
64.791706	2.908163	25.338478
64.891712	2.908163	25.376690
64.991717	2.908163	25.338478
65.091723	2.908163	25.319373
65.191729	2.959184	25.338478
65.291735	3.010204	25.338478
65.391740	3.010204	25.434007
65.491746	3.010204	25.414901
65.591752	3.010204	25.453112
65.691758	3.010204	25.414901
65.791763	3.010204	25.472218
65.891769	3.010204	25.376690
65.991775	3.010204	25.453112
66.091780	3.010204	25.453112
66.191786	3.010204	25.491324
66.291792	3.010204	25.472218
66.391798	3.010204	25.529535
66.491803	3.010204	25.605958
66.591809	3.010204	25.701486
66.691815	3.010204	25.701486
66.791821	3.010204	25.720592
66.891826	3.010204	25.739697
66.991832	3.010204	25.777909
67.091837	3.010204	25.777909
67.191844	3.010204	25.758803
67.291849	3.010204	25.758803
67.391855	3.010204	25.797014
67.491860	3.010204	25.720592
67.591866	3.010204	25.739697
67.691872	3.010204	25.873437
67.791878	3.010204	25.968965
67.891883	3.010204	26.045388
67.991889	3.010204	26.045388
68.091895	3.010204	26.007177
68.191901	3.010204	26.026282
68.291906	3.010204	26.045388
68.391912	3.010204	26.045388
68.491918	3.010204	26.026282
68.591923	3.010204	26.007177
68.691929	3.010204	26.064494
68.791935	3.010204	25.816120
68.891941	3.010204	26.217339
68.991946	3.010204	26.351079
69.091952	3.010204	26.370184
69.191957	3.010204	26.351079
69.291964	3.010204	26.331973
69.391969	3.010204	26.427501
69.491975	3.010204	26.427501
69.591980	3.010204	26.389290
69.691986	3.010204	26.427501
69.791992	3.010204	26.446607
69.891998	3.010204	26.389290
69.992003	3.010204	26.408396
70.092009	3.010204	26.599452
70.192015	3.010204	26.675875
70.292021	3.010204	26.656769
70.392026	3.010204	26.714086
70.492032	3.010204	26.694981
70.592038	3.010204	26.733192
70.692043	3.010204	26.694981
70.792049	3.010204	26.752298
70.892055	3.010204	26.714086
70.992061	3.010204	26.771403
71.092066	3.010204	26.733192
71.192072	3.010204	26.694981
71.292078	3.010204	26.866932
71.392084	3.010204	26.943354
71.492089	3.010204	26.962460
71.592095	3.010204	26.981566
71.692101	3.010204	26.981566
71.792107	3.010204	27.019777
71.892112	3.010204	27.000671
71.992118	3.010204	27.057988
72.092124	3.010204	26.981566
72.192129	3.010204	27.000671
72.292135	3.010204	27.019777
72.392141	3.010204	27.057988
72.492146	3.010204	27.153517
72.592152	3.010204	27.306362
72.692158	3.010204	27.249045
72.792163	3.010204	27.306362
72.892169	3.010204	27.249045
72.992175	3.010204	27.306362
73.092181	3.010204	27.306362
73.192186	3.010204	27.325468
73.292192	3.010204	27.344573
73.392198	3.010204	27.287256
73.492204	3.010204	27.325468
73.592209	3.010204	27.287256
73.692215	3.010204	27.382785
73.792221	3.010204	27.478313
73.892227	3.010204	27.573841
73.992232	3.010204	27.612053
74.092238	3.010204	27.592947
74.192244	3.010204	27.612053
74.292249	3.010204	27.535630
74.392255	3.010204	27.631158
74.492261	3.010204	27.631158
74.592267	3.010204	27.631158
74.692272	3.010204	27.612053
74.792278	3.010204	27.535630
74.892284	3.010204	27.669370
74.992290	3.010204	27.707581
75.092295	3.010204	27.879532
75.192301	3.010204	27.841321
75.292306	3.010204	27.841321
75.392313	3.010204	27.841321
75.492318	3.010204	27.822215
75.592324	3.010204	27.841321
75.692329	3.010204	27.822215
75.792335	3.010204	27.879532
75.892341	3.010204	27.803109
75.992347	3.010204	27.841321
76.092352	3.010204	27.917743
76.192358	3.061224	28.032378
76.292364	3.061224	28.089695
76.392370	3.061224	28.166117
76.492375	3.061224	28.127906
76.592381	3.010204	28.108800
76.707387	2.908163	28.089695
76.796393	2.806122	28.070589
76.892398	2.704082	28.108800
76.992404	2.653061	28.108800
77.098410	2.500000	28.051483
77.192415	2.346939	28.070589
77.292421	2.193878	28.089695
77.392427	2.091837	28.299857
77.492433	1.989796	28.338068
77.592438	1.887755	28.299857
77.694444	1.836735	28.299857
77.792449	1.632653	28.357174
77.892456	1.479592	28.318963
77.992461	1.377551	28.318963
78.092467	1.275510	28.318963
78.192472	1.173469	28.318963
78.292478	1.122449	28.338068
78.392484	1.071429	28.299857
78.494490	1.071429	28.395385
78.592495	1.020408	28.510019
78.692501	1.020408	28.567336
78.792507	1.020408	28.586442
78.892513	1.020408	28.529125
78.992518	1.020408	28.567336
79.092524	1.020408	28.567336
79.192530	1.020408	28.586442
79.292535	1.020408	28.586442
79.392541	1.020408	28.548231
79.492547	1.020408	28.586442
79.592553	1.020408	28.510019
79.692558	1.020408	28.605548
79.791564	1.020408	28.605548
79.891570	1.020408	28.662865
79.991575	1.020408	28.681970
80.091581	1.020408	28.701076
80.191587	1.020408	28.624653
80.291593	1.020408	28.643759
80.391598	1.020408	28.720182
80.491604	1.020408	28.701076
80.591609	1.020408	28.624653
80.691616	1.020408	28.662865
80.791621	1.020408	28.662865
80.891627	1.020408	28.643759
80.991632	1.020408	28.662865
81.091638	1.020408	28.624653
81.191644	1.020408	28.624653
81.291650	1.020408	28.662865
81.391655	1.020408	28.586442
81.491661	1.020408	28.681970
81.591667	1.020408	28.605548
81.691673	1.020408	28.662865
81.791678	1.020408	28.586442
81.891684	1.020408	28.605548
81.991690	1.020408	28.605548
82.091695	1.020408	28.586442
82.191701	1.020408	28.471808
82.291707	1.020408	28.586442
82.391713	1.020408	28.510019
82.491718	1.020408	28.529125
82.591724	1.020408	28.529125
82.691730	1.020408	28.471808
82.791736	1.020408	28.471808
82.891741	1.020408	28.490914
82.991747	1.020408	28.471808
83.091753	1.020408	28.510019
83.191759	1.020408	28.510019
83.291764	1.020408	28.452702
83.391770	1.020408	28.395385
83.491776	1.020408	28.414491
83.591781	1.020408	28.338068
83.691787	1.020408	28.414491
83.791793	1.020408	28.338068
83.891798	1.020408	28.376280
83.991804	1.020408	28.433597
84.091810	1.020408	28.357174
84.191816	1.020408	28.433597
84.291821	1.020408	28.395385
84.392827	1.020408	28.414491
84.491833	1.020408	28.414491
84.591838	1.020408	28.242540
84.691844	1.020408	28.261646
84.791850	1.020408	28.242540
84.896856	1.020408	28.223434
84.991861	1.020408	28.261646
85.091867	1.020408	28.204329
85.191873	1.020408	28.185223
85.291879	1.020408	28.242540
85.392884	1.020408	28.242540
85.491890	1.020408	28.242540
85.591896	1.020408	28.223434
85.691902	1.020408	28.223434
85.791907	1.020408	28.166117
85.891913	1.020408	28.070589
85.991919	1.020408	28.089695
86.091924	1.020408	28.089695
86.191930	1.020408	28.089695
86.291936	1.020408	28.147012
86.391942	1.020408	28.089695
86.491947	1.020408	28.089695
86.591953	1.020408	28.127906
86.691959	1.020408	28.127906
86.791965	1.020408	28.070589
86.891970	1.020408	28.127906
86.991976	1.020408	28.032378
87.091981	1.020408	27.975061
87.191988	1.020408	28.013272
87.291993	1.020408	27.994166
87.391999	1.020408	27.975061
87.492004	1.020408	27.917743
87.592010	1.020408	27.936849
87.692016	1.020408	27.975061
87.793022	1.020408	27.975061
87.900028	1.020408	27.936849
87.992033	1.020408	27.936849
88.092039	1.020408	27.975061
88.192045	1.020408	27.898638
88.292050	1.020408	27.860426
88.392056	1.020408	27.822215
88.492062	1.020408	27.879532
88.592067	1.020408	27.898638
88.692073	1.020408	27.841321
88.792079	1.020408	27.860426
88.892085	1.020408	27.898638
88.992090	1.020408	27.879532
89.092096	1.020408	27.879532
89.192101	1.020408	27.936849
89.292108	1.020408	27.879532
89.392113	1.020408	27.822215
89.492119	1.020408	27.745792
89.592124	1.020408	27.764898
89.692130	1.020408	27.784004
89.792136	1.020408	27.764898
89.892142	1.020408	27.784004
89.992147	1.020408	27.764898
90.092153	1.020408	27.707581
90.192159	1.020408	27.764898
90.292165	1.020408	27.764898
90.392170	1.020408	27.784004
90.492176	1.020408	27.764898
90.592182	1.020408	27.707581
90.692187	1.020408	27.688475
90.792193	1.020408	27.612053
90.892199	1.020408	27.631158
90.992205	1.020408	27.707581
91.092210	1.020408	27.707581
91.194216	1.020408	27.707581
91.292222	1.020408	27.669370
91.392228	1.020408	27.726687
91.492233	1.020408	27.669370
91.592239	1.020408	27.631158
91.692245	1.020408	27.669370
91.792251	1.020408	27.592947
91.892256	1.020408	27.592947
91.992262	1.020408	27.631158
92.092268	1.020408	27.612053
92.192273	1.020408	27.612053
92.292279	1.020408	27.631158
92.392285	1.020408	27.650264
92.492290	1.020408	27.612053
92.592296	1.020408	27.669370
92.692302	1.020408	27.535630
92.792307	1.020408	27.631158
92.892313	1.020408	27.573841
92.992319	1.020408	27.612053
93.092325	1.020408	27.497419
93.192330	1.020408	27.573841
93.292336	1.020408	27.554736
93.392342	1.020408	27.631158
93.492348	1.020408	27.554736
93.592353	1.020408	27.516524
93.692359	1.020408	27.516524
93.792365	1.020408	27.554736
93.892371	1.020408	27.535630
93.992376	1.020408	27.478313
94.092382	1.020408	27.497419
94.192388	1.020408	27.516524
94.292393	1.020408	27.497419
94.392399	1.020408	27.478313
94.492405	1.020408	27.478313
94.592411	1.020408	27.478313
94.692416	1.020408	27.478313
94.792422	1.020408	27.497419
94.892428	1.020408	27.516524
94.992434	1.020408	27.440102
95.092439	1.020408	27.478313
95.192445	1.020408	27.554736
95.292450	1.020408	27.459207
95.392457	1.020408	27.440102
95.492462	1.020408	27.401890
95.592468	1.020408	27.401890
95.692473	1.020408	27.382785
95.792479	1.020408	27.382785
95.892485	1.020408	27.401890
95.992491	1.020408	27.363679
96.092496	1.020408	27.382785
96.192502	1.020408	27.401890
96.292508	1.020408	27.401890
96.392513	1.020408	27.382785
96.492519	1.020408	27.363679
96.592525	1.020408	27.325468
96.692531	1.020408	27.306362
96.792536	1.020408	27.363679
96.892542	1.020408	27.306362
96.992548	1.020408	27.325468
97.092554	1.020408	27.325468
97.192559	1.020408	27.249045
97.291565	1.020408	27.382785
97.391571	1.020408	27.325468
97.491576	1.020408	27.268151
97.591582	1.020408	27.306362
97.691588	1.020408	27.325468
97.791594	1.020408	27.325468
97.891599	1.020408	27.344573
97.991605	1.020408	27.287256
98.093611	1.020408	27.268151
98.191617	1.020408	27.268151
98.291622	1.020408	27.306362
98.391628	1.020408	27.249045
98.491633	1.020408	27.249045
98.591640	1.020408	27.249045
98.691645	1.020408	27.325468
98.791651	1.020408	27.268151
98.891656	1.020408	27.306362
98.991662	1.020408	27.306362
99.091668	1.020408	27.268151
99.191674	1.020408	27.172622
99.291679	1.020408	27.268151
99.391685	1.020408	27.229939
99.491691	1.020408	27.229939
99.591697	1.020408	27.249045
99.691702	1.020408	27.210834
99.791708	1.020408	27.172622
99.891714	1.020408	27.268151
99.991719	1.020408	27.210834
100.091725	1.020408	27.229939
100.191731	1.020408	27.249045
100.291737	1.020408	27.191728
100.391742	1.020408	27.210834
100.491748	1.020408	27.134411
100.591753	1.020408	27.172622
100.691760	1.020408	27.191728
100.791765	1.020408	27.134411
100.891771	1.020408	27.172622
100.991776	1.020408	27.115305
101.091782	1.020408	27.191728
101.191788	1.020408	27.210834
101.291794	1.020408	27.172622
101.391799	1.020408	27.134411
101.491805	1.020408	27.153517
101.591811	1.020408	27.153517
101.691817	1.020408	27.096200
101.791822	1.020408	27.077094
101.891828	1.020408	27.057988
101.991834	1.020408	27.096200
102.091839	1.020408	27.153517
102.191845	1.020408	27.057988
102.291851	1.020408	27.134411
102.391857	1.020408	27.134411
102.491862	1.020408	27.153517
102.591868	1.020408	27.134411
102.691874	1.020408	27.096200
102.791880	1.020408	27.115305
102.891885	1.020408	27.077094
102.991891	1.020408	27.000671
103.091897	1.020408	27.038883
103.191903	1.020408	27.077094
103.291908	1.020408	27.038883
103.391914	1.020408	27.096200
103.491920	1.020408	27.057988
103.591925	1.020408	27.077094
103.691931	1.020408	27.019777
103.791937	1.020408	27.057988
103.891943	1.020408	27.038883
103.991948	1.020408	27.019777
104.091954	1.020408	27.019777
104.191959	1.020408	27.019777
104.291965	1.020408	27.000671
104.391971	1.020408	26.943354
104.491977	1.020408	27.019777
104.591982	1.020408	26.981566
104.691988	1.020408	27.019777
104.791994	1.020408	27.057988
104.892000	1.020408	26.981566
104.992005	1.020408	27.038883
105.092011	1.020408	27.019777
105.192017	1.020408	26.981566
105.292023	1.020408	26.962460
105.392028	1.020408	26.943354
105.492034	1.020408	26.962460
105.592040	1.020408	27.000671
105.692045	1.020408	26.943354
105.792051	1.020408	26.981566
105.894057	1.020408	26.943354
105.992063	1.020408	26.981566
106.092068	1.020408	26.943354
106.192074	1.020408	27.000671
106.292080	1.020408	26.924249
106.392086	1.020408	26.905143
106.492091	1.020408	26.943354
106.592097	1.020408	26.981566
106.692102	1.020408	26.943354
106.792109	1.020408	26.905143
106.892114	1.020408	26.905143
106.992120	1.020408	26.943354
107.092125	1.020408	26.943354
107.192131	1.020408	26.943354
107.292137	1.020408	26.962460
107.392143	1.020408	26.924249
107.492148	1.020408	26.981566
107.592154	1.020408	26.886037
107.692160	1.020408	26.981566
107.792165	1.020408	26.924249
107.892171	1.020408	26.905143
107.992177	1.020408	26.943354
108.092183	1.020408	26.905143
108.192188	1.020408	26.847826
108.292194	1.020408	26.886037
108.392200	1.020408	26.886037
108.492206	1.020408	26.828720
108.592211	1.020408	26.924249
108.692217	1.020408	26.886037
108.792222	1.020408	26.847826
108.893229	1.020408	26.866932
108.995234	1.020408	26.828720
109.092240	1.020408	26.866932
109.192245	1.020408	26.866932
109.292251	1.020408	26.866932
109.392257	1.020408	26.866932
109.492263	1.020408	26.828720
109.592268	1.020408	26.809615
109.692274	1.020408	26.790509
109.792280	1.020408	26.866932
109.892286	1.020408	26.866932
109.992291	1.020408	26.866932
110.092297	1.020408	26.866932
110.192303	1.020408	26.809615
110.292308	1.020408	26.886037
110.394314	1.020408	26.809615
110.492320	1.020408	26.828720
110.592326	1.020408	26.828720
110.694332	1.020408	26.847826
110.792337	1.020408	26.790509
110.892343	1.020408	26.790509
110.992349	1.020408	26.847826
111.094355	1.020408	26.886037
111.192360	1.020408	26.866932
111.292366	1.020408	26.809615
111.392371	1.020408	26.790509
111.492377	1.020408	26.771403
111.592383	1.020408	26.809615
111.692389	1.020408	26.828720
111.792394	1.020408	26.828720
111.892400	1.020408	26.752298
111.994406	1.020408	26.790509
112.092412	1.020408	26.790509
112.192417	1.020408	26.771403
112.292423	1.020408	26.771403
112.392428	1.020408	26.714086
112.492435	1.020408	26.771403
112.592440	1.020408	26.790509
112.692446	1.020408	26.771403
112.794452	1.020408	26.752298
112.892457	1.020408	26.790509
112.992463	1.020408	26.809615
113.092469	1.020408	26.714086
113.192474	1.020408	26.771403
113.292480	1.020408	26.752298
113.392486	1.020408	26.790509
113.492492	1.020408	26.790509
113.592497	1.020408	26.714086
113.692503	1.020408	26.752298
113.792509	1.020408	26.809615
113.892514	1.020408	26.809615
113.992520	1.020408	26.694981
114.092526	1.020408	26.752298
114.192532	1.020408	26.752298
114.293538	1.020408	26.828720
114.392543	1.020408	26.714086
114.492549	1.020408	26.733192
114.592555	1.020408	26.771403
114.692560	1.020408	26.752298
114.791566	1.020408	26.771403
114.891572	1.020408	26.771403
114.991577	1.020408	26.752298
115.091583	1.020408	26.828720
115.191589	1.020408	26.752298
115.291595	1.020408	26.675875
115.391600	1.020408	26.752298
115.491606	1.020408	26.675875
115.591611	1.020408	26.714086
115.691617	1.020408	26.733192
115.791623	1.020408	26.752298
115.891629	1.020408	26.656769
115.991634	1.020408	26.752298
116.091640	1.020408	26.675875
116.191646	1.020408	26.714086
116.291652	1.020408	26.714086
116.391657	1.020408	26.694981
116.491663	1.020408	26.675875
116.591669	1.020408	26.675875
116.691675	1.020408	26.694981
116.791680	1.020408	26.714086
116.891686	1.020408	26.694981
116.991692	1.020408	26.675875
117.091697	1.020408	26.694981
117.191703	1.020408	26.752298
117.291709	1.020408	26.675875
117.391715	1.020408	26.656769
117.491720	1.020408	26.694981
117.591726	1.020408	26.694981
117.691732	1.020408	26.656769
117.791738	1.020408	26.675875
117.891743	1.020408	26.675875
117.991749	1.020408	26.694981
118.091754	1.020408	26.637664
118.191761	1.020408	26.694981
118.291766	1.020408	26.694981
118.391772	1.020408	26.675875
118.491777	1.020408	26.675875
118.591783	1.020408	26.694981
118.691789	1.020408	26.675875
118.791795	1.020408	26.714086
118.891800	1.020408	26.656769
118.991806	1.020408	26.637664
119.093812	1.020408	26.599452
119.191817	1.020408	26.694981
119.291823	1.020408	26.637664
119.391829	1.020408	26.637664
119.491835	1.020408	26.714086
119.591840	1.020408	26.694981
119.691846	1.020408	26.656769
119.791852	1.020408	26.714086
119.891858	1.020408	26.675875
119.991863	1.020408	26.675875
120.091869	1.020408	26.714086
120.191875	1.020408	26.714086
120.291881	1.020408	26.656769
120.391886	1.020408	26.694981
120.491892	1.020408	26.733192
120.591897	1.020408	26.656769
120.691903	1.020408	26.675875
120.791909	1.020408	26.637664
120.891915	1.020408	26.675875
120.991920	1.020408	26.637664
121.091926	1.020408	26.656769
121.191932	1.020408	26.675875
121.291938	1.020408	26.637664
121.391943	1.020408	26.637664
121.491949	1.020408	26.656769
121.591955	1.020408	26.637664
121.691960	1.020408	26.637664
121.791966	1.020408	26.637664
121.891972	1.020408	26.637664
121.991978	1.020408	26.694981
122.091983	1.020408	26.637664
122.191989	1.020408	26.599452
122.291995	1.020408	26.637664
122.392001	1.020408	26.656769
122.492006	1.020408	26.637664
122.592012	1.020408	26.714086
122.692018	1.020408	26.656769
122.792024	1.020408	26.599452
122.892029	1.020408	26.599452
122.994035	1.020408	26.618558
123.092041	1.020408	26.656769
123.192046	1.020408	26.618558
123.292052	1.020408	26.637664
123.393058	1.020408	26.561241
123.492064	1.020408	26.599452
123.592069	1.020408	26.599452
123.692075	1.020408	26.561241
123.792081	1.020408	26.561241
123.892087	1.020408	26.618558
123.992092	1.020408	26.618558
124.092098	1.020408	26.637664
124.192103	1.020408	26.599452
124.292109	1.020408	26.618558
124.392115	1.020408	26.618558
124.492121	1.020408	26.599452
124.592126	1.020408	26.618558
124.692132	1.020408	26.618558
124.792138	1.020408	26.618558
124.892144	1.020408	26.561241
124.992149	1.020408	26.580347
125.092155	1.020408	26.599452
125.192161	1.020408	26.580347
125.292167	1.020408	26.599452
125.392172	1.020408	26.561241
125.492178	1.020408	26.542135
125.592184	1.020408	26.618558
125.692189	1.020408	26.618558
125.792195	1.020408	26.637664
125.892201	1.020408	26.561241
125.992207	1.020408	26.599452
126.092212	1.020408	26.561241
126.192218	1.020408	26.656769
126.292224	1.020408	26.618558
126.392230	1.020408	26.637664
126.492235	1.020408	26.580347
126.592241	1.020408	26.561241
126.692246	1.020408	26.561241
126.792253	1.020408	26.561241
126.892258	1.020408	26.637664
126.992264	1.020408	26.542135
127.092269	1.020408	26.561241
127.192275	1.020408	26.580347
127.292281	1.020408	26.561241
127.392287	1.020408	26.580347
127.492292	1.020408	26.599452
127.592298	1.020408	26.561241
127.692304	1.020408	26.580347
127.792309	1.020408	26.542135
127.892315	1.020408	26.561241
127.992321	1.020408	26.561241
128.092327	1.020408	26.542135
128.194333	1.020408	26.561241
128.292338	1.020408	26.503924
128.392344	1.020408	26.580347
128.492350	1.020408	26.561241
128.592355	1.020408	26.561241
128.692361	1.020408	26.561241
128.792367	1.020408	26.580347
128.892373	1.020408	26.523030
128.992378	1.020408	26.542135
129.092384	1.020408	26.542135
129.192389	1.020408	26.561241
129.292395	1.020408	26.561241
129.392401	1.020408	26.484818
129.492407	1.020408	26.484818
129.592412	1.020408	26.561241
129.692418	1.020408	26.561241
129.792424	1.020408	26.599452
129.892430	1.020408	26.580347
129.992435	1.020408	26.561241
130.092441	1.020408	26.580347
130.192447	1.020408	26.580347
130.292452	1.020408	26.561241
130.392458	1.020408	26.542135
130.492464	1.020408	26.599452
130.592470	1.020408	26.523030
130.692475	1.020408	26.542135
130.792481	1.020408	26.561241
130.892487	1.020408	26.484818
130.996493	1.020408	26.523030
131.092498	1.020408	26.542135
131.192504	1.020408	26.580347
131.292510	1.020408	26.523030
131.392515	1.020408	26.484818
131.492521	1.020408	26.465713
131.592527	1.020408	26.542135
131.696533	1.020408	26.484818
131.793538	1.020408	26.465713
131.892544	1.020408	26.523030
131.993550	1.020408	26.503924
132.092556	1.020408	26.542135
132.192561	1.020408	26.503924
132.291567	1.020408	26.465713
132.391572	1.020408	26.523030
132.491578	1.020408	26.503924
132.591584	1.020408	26.427501
132.691590	1.020408	26.446607
132.791595	1.020408	26.503924
132.891601	1.020408	26.503924
132.991607	1.020408	26.484818
133.091613	1.020408	26.561241
133.191618	1.020408	26.561241
133.291624	1.020408	26.503924
133.391630	1.020408	26.484818
133.491635	1.020408	26.503924
133.591641	1.020408	26.484818
133.691647	1.020408	26.503924
133.791653	1.020408	26.523030
133.891658	1.020408	26.503924
133.991664	1.020408	26.465713
134.091670	1.020408	26.446607
134.191676	1.020408	26.465713
134.291681	1.020408	26.465713
134.391687	1.020408	26.503924
134.491693	1.020408	26.465713
134.591699	1.020408	26.523030
134.691704	1.020408	26.465713
134.791710	1.020408	26.523030
134.891716	1.020408	26.503924
134.991721	1.020408	26.542135
135.091727	1.020408	26.484818
135.191733	1.020408	26.542135
135.291739	1.020408	26.484818
135.391744	1.020408	26.561241
135.491750	1.020408	26.503924
135.591755	1.020408	26.484818
135.691761	1.020408	26.503924
135.791767	1.020408	26.503924
135.891773	1.020408	26.503924
135.991778	1.020408	26.523030
136.091784	1.020408	26.446607
136.191790	1.020408	26.446607
136.291796	1.020408	26.465713
136.391801	1.020408	26.561241
136.491807	1.020408	26.465713
136.591813	1.020408	26.484818
136.691819	1.020408	26.484818
136.791824	1.020408	26.503924
136.891830	1.020408	26.484818
136.991836	1.020408	26.484818
137.091841	1.020408	26.484818
137.191847	1.020408	26.465713
137.291853	1.020408	26.465713
137.391859	1.020408	26.465713
137.491864	1.020408	26.446607
137.591870	1.020408	26.427501
137.691876	1.020408	26.446607
137.791882	1.020408	26.484818
137.906888	1.020408	26.503924
137.991893	0.918367	26.427501
138.091898	0.918367	26.484818
138.191905	0.918367	26.484818
138.291910	0.918367	26.465713
138.391916	0.918367	26.484818
138.491921	0.918367	26.427501
138.594927	1.071429	26.465713
138.691933	1.275510	26.389290
138.791939	1.530612	26.484818
138.891944	1.581633	26.465713
138.991950	1.683673	26.465713
139.091956	1.836735	26.465713
139.212963	1.887755	26.408396
139.291967	2.040816	26.446607
139.391973	2.091837	26.446607
139.491979	2.193878	26.370184
139.603985	2.244898	26.446607
139.697990	2.346939	26.427501
139.791996	2.448980	26.484818
139.892002	2.551020	26.446607
139.992007	2.653061	26.427501
140.092013	2.755102	26.484818
140.192019	2.755102	26.446607
140.292025	2.602041	26.351079
140.392030	2.551020	26.408396
140.492036	2.551020	26.408396
140.592041	2.551020	26.408396
140.692047	2.551020	26.408396
140.792053	2.602041	26.408396
140.892059	2.602041	26.370184
140.992064	2.602041	26.408396
141.092070	2.602041	26.446607
141.192076	2.602041	26.484818
141.292082	2.602041	26.503924
141.392087	2.602041	26.503924
141.492093	2.602041	26.427501
141.592099	2.602041	26.465713
141.692104	2.602041	26.484818
141.792110	2.602041	26.446607
141.892116	2.602041	26.484818
141.992122	2.602041	26.408396
142.092127	2.602041	26.503924
142.192133	2.602041	26.446607
142.292139	2.602041	26.599452
142.392145	2.602041	26.656769
142.492150	2.602041	26.637664
142.592156	2.602041	26.637664
142.692162	2.602041	26.637664
142.792167	2.602041	26.637664
142.892173	2.602041	26.637664
142.992179	2.602041	26.656769
143.092185	2.602041	26.656769
143.192190	2.602041	26.656769
143.292196	2.602041	26.599452
143.392202	2.602041	26.675875
143.492208	2.602041	26.733192
143.592213	2.602041	26.847826
143.692219	2.602041	26.866932
143.792224	2.602041	26.866932
143.892231	2.602041	26.905143
143.992236	2.602041	26.905143
144.092242	2.602041	26.905143
144.192247	2.602041	26.847826
144.292253	2.602041	26.809615
144.392259	2.602041	26.886037
144.492265	2.602041	26.924249
144.592270	2.602041	26.905143
144.692276	2.602041	26.962460
144.792282	2.602041	27.096200
144.892288	2.602041	27.115305
144.992293	2.602041	27.077094
145.092299	2.602041	27.096200
145.192305	2.602041	27.134411
145.292310	2.602041	27.134411
145.392316	2.602041	27.115305
145.492322	2.602041	27.153517
145.592328	2.602041	27.134411
145.692333	2.602041	27.153517
145.792339	2.602041	27.077094
145.892344	2.602041	27.115305
145.992351	2.602041	27.306362
146.092356	2.602041	27.287256
146.192362	2.602041	27.325468
146.292367	2.602041	27.306362
146.395373	2.653061	27.306362
146.493379	2.857143	27.325468
146.592385	2.959184	27.325468
146.692390	3.010204	27.382785
146.792396	3.010204	27.325468
146.892402	3.010204	27.325468
146.992408	3.061224	27.344573
147.092413	3.061224	27.420996
147.192419	3.061224	27.478313
147.292425	3.061224	27.478313
147.392430	3.061224	27.554736
147.492436	3.061224	27.516524
147.592442	3.061224	27.535630
147.692448	3.061224	27.478313
147.792453	3.061224	27.535630
147.892459	3.061224	27.516524
147.992465	3.061224	27.535630
148.092471	3.061224	27.535630
148.192476	3.061224	27.535630
148.292482	3.061224	27.612053
148.392488	3.061224	27.669370
148.492494	3.061224	27.707581
148.592499	3.061224	27.745792
148.692505	3.061224	27.745792
148.792511	3.061224	27.726687
148.892516	3.061224	27.745792
148.992522	3.061224	27.784004
149.092528	3.061224	27.784004
149.192533	3.061224	27.745792
149.292539	3.061224	27.784004
149.392545	3.061224	27.784004
149.492550	3.061224	27.745792
149.592556	3.061224	27.936849
149.691562	3.061224	28.013272
149.791568	3.061224	28.013272
149.891573	3.061224	28.032378
149.991579	3.061224	27.975061
150.091585	3.061224	28.051483
150.191591	3.061224	28.013272
150.291596	3.061224	28.032378
150.391602	3.061224	28.032378
150.491608	3.061224	27.994166
150.591613	3.061224	27.994166
150.691619	3.061224	28.127906
150.791625	3.061224	28.204329
150.891631	3.061224	28.223434
150.991636	3.061224	28.280751
151.091642	3.061224	28.242540
151.191648	3.061224	28.261646
151.291654	3.061224	28.261646
151.391659	3.061224	28.299857
151.491665	3.061224	28.242540
151.591671	3.061224	28.204329
151.691677	3.061224	28.299857
151.791682	3.061224	28.280751
151.891688	3.061224	28.280751
151.991693	3.061224	28.452702
152.091699	3.061224	28.510019
152.191705	3.061224	28.548231
152.291711	3.061224	28.529125
152.391716	3.061224	28.529125
152.491722	3.061224	28.548231
152.591728	3.061224	28.510019
152.691734	3.061224	28.567336
152.791739	3.061224	28.548231
152.891745	3.061224	28.529125
153.002751	3.061224	28.548231
153.095757	2.653061	28.643759
153.197762	2.193878	28.739287
153.291768	1.836735	28.739287
153.394774	1.632653	28.739287
153.494780	1.530612	28.720182
153.591785	1.428571	28.739287
153.696791	1.122449	28.681970
153.791797	0.969388	28.815710
153.910803	0.918367	28.739287
153.991808	0.867347	28.701076
154.091814	0.867347	28.758393
154.191819	0.867347	28.739287
154.291825	0.867347	28.834816
154.391831	0.867347	28.892133
154.491837	0.867347	28.949450
154.591842	0.867347	28.987661
154.691848	0.867347	28.930344
154.791854	0.867347	28.968555
154.891860	0.867347	29.006767
154.991865	0.867347	28.987661
155.091871	0.867347	28.968555
155.191876	0.867347	28.930344
155.291883	0.867347	28.968555
155.391888	0.867347	29.025872
155.491894	0.867347	29.025872
155.591899	0.867347	29.064084
155.691905	0.867347	29.083189
155.791911	0.867347	29.083189
155.891917	0.867347	29.064084
155.991922	0.867347	29.083189
156.091928	0.867347	29.064084
156.191934	0.867347	29.102295
156.291940	0.867347	29.006767
156.391945	0.867347	29.102295
156.491951	0.867347	29.083189
156.591957	0.867347	29.006767
156.691962	0.867347	29.083189
156.791968	0.867347	29.064084
156.891974	0.867347	29.006767
156.991980	0.867347	29.044978
157.091985	0.867347	29.025872
157.191991	0.867347	29.044978
157.291996	0.867347	29.064084
157.392003	0.867347	28.987661
157.492008	0.867347	28.987661
157.592014	0.867347	28.911238
157.692019	0.867347	29.025872
157.792025	0.867347	28.968555
157.892031	0.867347	29.006767
157.992037	0.867347	28.949450
158.092042	0.867347	28.873027
158.192048	0.867347	28.853921
158.292054	0.867347	28.892133
158.392060	0.867347	28.853921
158.492065	0.867347	28.873027
158.592071	0.867347	28.911238
158.692077	0.867347	28.873027
158.792082	0.867347	28.892133
158.892088	0.867347	28.892133
158.992094	0.867347	28.853921
159.092100	0.867347	28.815710
159.192105	0.867347	28.853921
159.292111	0.867347	28.758393
159.392117	0.867347	28.739287
159.492123	0.867347	28.720182
159.592128	0.867347	28.720182
159.692134	0.867347	28.758393
159.792140	0.867347	28.777499
159.892146	0.867347	28.758393
159.992151	0.867347	28.758393
160.092157	0.867347	28.758393
160.192163	0.867347	28.777499
160.292168	0.867347	28.758393
160.392174	0.867347	28.662865
160.492180	0.867347	28.662865
160.592185	0.867347	28.548231
160.692191	0.867347	28.586442
160.792197	0.867347	28.548231
160.892203	0.867347	28.586442
160.992208	0.867347	28.548231
161.092214	0.867347	28.567336
161.192220	0.867347	28.586442
161.292225	0.867347	28.586442
161.392231	0.867347	28.605548
161.492237	0.867347	28.567336
161.592243	0.867347	28.452702
161.692248	0.867347	28.433597
161.792254	0.867347	28.414491
161.892260	0.867347	28.452702
161.992266	0.867347	28.395385
162.092271	0.867347	28.395385
162.192277	0.867347	28.395385
162.292283	0.867347	28.433597
162.392289	0.867347	28.414491
162.492294	0.867347	28.433597
162.592300	0.867347	28.395385
162.692306	0.867347	28.414491
162.792311	0.867347	28.376280
162.892317	0.867347	28.299857
162.992323	0.867347	28.242540
163.092329	0.867347	28.318963
163.192334	0.867347	28.338068
163.292340	0.867347	28.280751
163.392346	0.867347	28.299857
163.492352	0.867347	28.280751
163.592357	0.867347	28.223434
163.704363	0.867347	28.299857
163.792368	0.867347	28.185223
163.892375	0.867347	28.280751
163.992380	0.867347	28.223434
164.092386	0.867347	28.108800
164.192391	0.867347	28.089695
164.292397	0.867347	28.166117
164.392403	0.867347	28.127906
164.492409	0.867347	28.204329
164.592414	0.867347	28.108800
164.692420	0.867347	28.166117
164.792426	0.867347	28.089695
164.892432	0.867347	28.147012
164.992437	0.867347	28.147012
165.092443	0.867347	28.051483
165.192449	0.867347	28.070589
165.292454	0.867347	28.051483
165.392460	0.867347	28.032378
165.492466	0.867347	28.032378
165.592472	0.867347	28.070589
165.692477	0.867347	28.032378
165.792483	0.867347	28.013272
165.892488	0.867347	28.032378
165.992495	0.867347	28.032378
166.092500	0.867347	28.032378
166.192506	0.867347	27.994166
166.292511	0.867347	27.975061
166.392517	0.867347	27.936849
166.492523	0.867347	27.975061
166.592529	0.867347	27.860426
166.692534	0.867347	27.936849
166.792540	0.867347	27.955955
166.892546	0.867347	27.898638
166.992552	0.867347	27.936849
167.092557	0.867347	27.955955
167.191563	0.867347	27.898638
167.291569	0.867347	27.936849
167.391574	0.867347	27.879532
167.491580	0.867347	27.955955
167.591586	0.867347	27.917743
167.691592	0.867347	27.841321
167.791597	0.867347	27.841321
167.891603	0.867347	27.822215
167.991609	0.867347	27.860426
168.091614	0.867347	27.784004
168.191620	0.867347	27.822215
168.291626	0.867347	27.841321
168.391632	0.867347	27.803109
168.491637	0.867347	27.841321
168.591643	0.867347	27.745792
168.691649	0.867347	27.860426
168.791655	0.867347	27.803109
168.891660	0.867347	27.707581
168.991666	0.867347	27.745792
169.091671	0.867347	27.764898
169.191678	0.867347	27.726687
169.291683	0.867347	27.726687
169.391689	0.867347	27.745792
169.491694	0.867347	27.745792
169.591700	0.867347	27.764898
169.691706	0.867347	27.764898
169.791712	0.867347	27.764898
169.891717	0.867347	27.707581
169.991723	0.867347	27.688475
170.091729	0.867347	27.650264
170.191735	0.867347	27.688475
170.291740	0.867347	27.612053
170.391746	0.867347	27.650264
170.491752	0.867347	27.612053
170.591757	0.867347	27.573841
170.691763	0.867347	27.612053
170.791769	0.867347	27.612053
170.891775	0.867347	27.612053
170.991780	0.867347	27.612053
171.091786	0.867347	27.631158
171.191792	0.867347	27.631158
171.291798	0.867347	27.554736
171.391803	0.867347	27.592947
171.491809	0.867347	27.592947
171.591815	0.867347	27.516524
171.691821	0.867347	27.535630
171.791826	0.867347	27.554736
171.891832	0.867347	27.535630
171.991838	0.867347	27.516524
172.091843	0.867347	27.554736
172.191849	0.867347	27.535630
172.291855	0.867347	27.516524
172.391860	0.867347	27.497419
172.491866	0.867347	27.535630
172.591872	0.867347	27.478313
172.691878	0.867347	27.478313
172.791883	0.867347	27.420996
172.891889	0.867347	27.478313
172.991895	0.867347	27.478313
173.091900	0.867347	27.497419
173.191906	0.867347	27.497419
173.291912	0.867347	27.440102
173.391918	0.867347	27.440102
173.491923	0.867347	27.516524
173.591929	0.867347	27.420996
173.691935	0.867347	27.420996
173.791941	0.867347	27.401890
173.891946	0.867347	27.401890
173.991952	0.867347	27.440102
174.091958	0.867347	27.420996
174.191963	0.867347	27.363679
174.291969	0.867347	27.325468
174.391975	0.867347	27.382785
174.491981	0.867347	27.420996
174.591986	0.867347	27.363679
174.691992	0.867347	27.382785
174.807999	0.867347	27.382785
174.895004	1.428571	27.325468
174.992009	1.938776	27.344573
175.092015	1.938776	27.287256
175.192020	1.989796	27.306362
175.292027	1.836735	27.306362
175.392032	1.632653	27.363679
175.500038	1.785714	27.344573
175.592043	2.193878	27.325468
175.692049	2.448980	27.325468
175.792055	2.653061	27.382785
175.898061	2.806122	27.344573
175.992066	3.010204	27.268151
176.092072	3.163265	27.287256
176.192078	3.214286	27.249045
176.304084	3.367347	27.287256
176.392089	3.520408	27.249045
176.492095	3.520408	27.210834
176.592101	3.520408	27.268151
176.692106	3.520408	27.344573
176.792112	3.520408	27.268151
176.892118	3.520408	27.287256
176.992124	3.520408	27.287256
177.092129	3.520408	27.287256
177.192135	3.520408	27.249045
177.292140	3.520408	27.268151
177.392147	3.520408	27.287256
177.492152	3.520408	27.249045
177.592158	3.520408	27.287256
177.692163	3.520408	27.249045
177.792169	3.520408	27.325468
177.892175	3.520408	27.325468
177.992181	3.520408	27.287256
178.092186	3.520408	27.306362
178.192192	3.520408	27.249045
178.292198	3.520408	27.287256
178.392204	3.520408	27.268151
178.492209	3.520408	27.382785
178.592215	3.520408	27.420996
178.692221	3.520408	27.440102
178.792226	3.520408	27.478313
178.892232	3.520408	27.382785
178.992238	3.520408	27.440102
179.092244	3.520408	27.440102
179.192249	3.520408	27.401890
179.292255	3.520408	27.440102
179.392261	3.520408	27.382785
179.495267	3.520408	27.420996
179.592272	3.520408	27.573841
179.692278	3.520408	27.650264
179.792284	3.520408	27.784004
179.892290	3.520408	27.764898
179.992295	3.520408	27.822215
180.092301	3.520408	27.726687
180.192307	3.520408	27.707581
180.292312	3.520408	27.764898
180.392318	3.520408	27.707581
180.492324	3.520408	27.784004
180.592330	3.520408	27.764898
180.692335	3.520408	27.726687
180.792341	3.520408	27.841321
180.892346	3.520408	27.994166
180.992352	3.520408	28.070589
181.092358	3.520408	28.089695
181.192364	3.520408	28.108800
181.292369	3.520408	28.147012
181.392375	3.520408	28.108800
181.492381	3.520408	28.147012
181.592387	3.520408	28.089695
181.692392	3.520408	28.147012
181.792398	3.520408	28.166117
181.895404	3.520408	28.166117
181.992410	3.520408	28.223434
182.092415	3.520408	28.376280
182.192421	3.520408	28.490914
182.292427	3.520408	28.471808
182.392432	3.520408	28.452702
182.492438	3.520408	28.452702
182.592444	3.520408	28.548231
182.692450	3.520408	28.605548
182.792455	3.520408	28.490914
182.892461	3.520408	28.529125
182.992467	3.520408	28.395385
183.092473	3.520408	28.510019
183.192478	3.520408	28.586442
183.292484	3.520408	28.777499
183.392489	3.520408	28.796604
183.492496	3.520408	28.796604
183.592501	3.520408	28.815710
183.692507	3.520408	28.796604
183.792512	3.520408	28.796604
183.892518	3.520408	28.853921
183.992524	3.520408	28.815710
184.092530	3.520408	28.777499
184.192535	3.520408	28.777499
184.292541	3.367347	28.873027
184.396547	3.214286	28.930344
184.496553	3.061224	29.006767
184.592558	2.908163	29.121401
184.691564	2.857143	29.140506
184.799570	2.806122	29.140506
184.903576	2.755102	29.159612
185.012582	2.704082	29.140506
185.099587	2.653061	29.102295
185.191593	2.551020	29.197823
185.291598	2.500000	29.121401
185.391604	2.397959	29.140506
185.491610	2.346939	29.121401
185.596616	2.244898	29.216929
185.701622	2.193878	29.312457
185.837629	2.091837	29.331563
185.899633	2.040816	29.369774
185.991638	1.887755	29.427091
186.091644	1.836735	29.446197
186.192650	1.734694	29.407986
186.297656	1.632653	29.388880
186.394661	1.530612	29.427091
186.503668	1.479592	29.522620
186.591672	1.326531	29.407986
186.706679	1.275510	29.407986
186.791684	1.173469	29.465303
186.891690	1.122449	29.541725
187.001696	1.122449	29.637254
187.091701	1.020408	29.618148
187.191707	0.969388	29.675465
187.291713	0.969388	29.675465
187.391718	0.969388	29.656359
187.491724	0.969388	29.656359
187.591730	0.969388	29.694571
187.691736	0.969388	29.656359
187.791741	0.969388	29.675465
187.891747	0.969388	29.732782
187.991753	0.969388	29.618148
188.091758	0.969388	29.713676
188.191764	0.969388	29.751888
188.291770	0.969388	29.770993
188.391776	0.969388	29.770993
188.491781	0.969388	29.828310
188.591787	0.969388	29.751888
188.691792	0.969388	29.790099
188.791799	0.969388	29.732782
188.891804	0.969388	29.770993
188.991810	0.969388	29.751888
189.091815	0.969388	29.770993
189.191821	0.969388	29.751888
189.291827	0.969388	29.770993
189.391833	0.969388	29.751888
189.491838	0.969388	29.790099
189.591844	0.969388	29.770993
189.691850	0.969388	29.751888
189.791856	0.969388	29.732782
189.891861	0.969388	29.713676
189.991867	0.969388	29.732782
190.091873	0.969388	29.770993
190.191878	0.969388	29.713676
190.291884	0.969388	29.713676
190.391890	0.969388	29.770993
190.491896	0.969388	29.637254
190.591901	0.969388	29.694571
190.691907	0.969388	29.675465
190.791913	0.969388	29.675465
190.891919	0.969388	29.618148
190.991924	0.969388	29.637254
191.091930	0.969388	29.618148
191.191936	0.969388	29.618148
191.291942	0.969388	29.618148
191.391947	0.969388	29.618148
191.491953	0.969388	29.656359
191.591959	0.969388	29.637254
191.691964	0.969388	29.541725
191.791970	0.969388	29.465303
191.891976	0.969388	29.484408
191.991982	0.969388	29.484408
192.091987	0.969388	29.503514
192.191993	0.969388	29.427091
192.291998	0.969388	29.446197
192.392004	0.969388	29.503514
192.492010	0.969388	29.503514
192.592016	0.969388	29.484408
192.692021	0.969388	29.446197
192.792027	0.969388	29.503514
192.892033	0.969388	29.407986
192.992039	0.969388	29.350669
193.092044	0.969388	29.331563
193.192050	0.969388	29.350669
193.292056	0.969388	29.312457
193.392062	0.969388	29.255140
193.492067	0.969388	29.255140
193.592073	0.969388	29.274246
193.692079	0.969388	29.312457
193.792084	0.969388	29.274246
193.892090	0.969388	29.216929
193.992096	0.969388	29.293352
194.092102	0.969388	29.140506
194.192107	0.969388	29.178718
194.292113	0.969388	29.102295
194.392119	0.969388	29.083189
194.492125	0.969388	29.083189
194.592130	0.969388	29.083189
194.692136	0.969388	29.083189
194.792141	0.969388	29.140506
194.892148	0.969388	29.083189
194.992153	0.969388	29.140506
195.092159	0.969388	29.121401
195.192164	0.969388	29.083189
195.292170	0.969388	29.025872
195.392176	0.969388	28.892133
195.492182	0.969388	29.006767
195.592187	0.969388	28.949450
195.692193	0.969388	28.949450
195.792199	0.969388	28.968555
195.892205	0.969388	29.006767
195.992210	0.969388	28.949450
196.092216	0.969388	29.006767
196.192222	0.969388	28.949450
196.292227	0.969388	29.006767
196.392233	0.969388	28.987661
196.492239	0.969388	28.930344
196.592245	0.969388	28.853921
196.692250	0.969388	28.796604
196.792256	0.969388	28.815710
196.892262	0.969388	28.815710
196.992268	0.969388	28.777499
197.092273	0.969388	28.796604
197.192279	0.969388	28.873027
197.292284	0.969388	28.815710
197.392291	0.969388	28.911238
197.492296	0.969388	28.777499
197.592302	0.969388	28.796604
197.692307	0.969388	28.758393
197.792313	0.969388	28.701076
197.892319	0.969388	28.643759
197.992325	0.969388	28.662865
198.092330	0.969388	28.662865
198.192336	0.969388	28.681970
198.292342	0.969388	28.662865
198.392348	0.969388	28.681970
198.492353	0.969388	28.681970
198.592359	0.969388	28.643759
198.692365	0.969388	28.662865
198.792370	0.969388	28.662865
198.892376	0.969388	28.643759
198.992382	0.969388	28.529125
199.092388	0.969388	28.548231
199.192393	0.969388	28.510019
199.292399	0.969388	28.490914
199.392405	0.969388	28.510019
199.492411	0.969388	28.529125
199.592416	0.969388	28.548231
199.692422	0.969388	28.529125
199.792428	0.969388	28.548231
199.892434	0.969388	28.548231
199.992439	0.969388	28.548231
200.092445	0.969388	28.529125
200.192451	0.969388	28.510019
200.292456	0.969388	28.490914
200.392462	0.969388	28.433597
200.492468	0.969388	28.452702
200.592474	0.969388	28.452702
200.692479	0.969388	28.452702
200.792485	0.969388	28.452702
200.892490	0.969388	28.433597
200.992496	0.969388	28.452702
201.092502	0.969388	28.452702
201.192508	0.969388	28.395385
201.292513	0.969388	28.433597
201.392519	0.969388	28.338068
201.492525	0.969388	28.357174
201.592531	0.969388	28.338068
201.692536	0.969388	28.357174
201.792542	0.969388	28.376280
201.892548	0.969388	28.338068
201.992554	0.969388	28.376280
202.092559	0.969388	28.357174
202.191565	0.969388	28.338068
202.291571	0.969388	28.357174
202.391576	0.969388	28.395385
202.491582	0.969388	28.242540
202.591588	0.969388	28.280751
202.691594	0.969388	28.299857
202.791599	0.969388	28.242540
202.891605	0.969388	28.223434
202.991611	0.969388	28.223434
203.091616	0.969388	28.261646
203.191622	0.969388	28.223434
203.291628	0.969388	28.223434
203.391634	0.969388	28.204329
203.491639	0.969388	28.261646
203.591645	0.969388	28.280751
203.691651	0.969388	28.147012
203.791656	0.969388	28.127906
203.891662	0.969388	28.051483
203.991668	0.969388	28.127906
204.091673	0.969388	28.127906
204.191679	0.969388	28.032378
204.291685	0.969388	28.089695
204.391691	0.969388	28.089695
204.491696	0.969388	28.127906
204.591702	0.969388	28.127906
204.691708	0.969388	28.147012
204.791714	0.969388	28.147012
204.891719	0.969388	28.032378
204.991725	0.969388	28.013272
205.091731	0.969388	28.051483
205.191737	0.969388	28.013272
205.291742	0.969388	28.032378
205.391748	0.969388	28.032378
205.491754	0.969388	28.013272
205.591759	0.969388	28.051483
205.691765	0.969388	28.013272
205.791771	0.969388	27.994166
205.891777	0.969388	28.013272
205.991782	0.969388	27.994166
206.091788	0.969388	27.936849
206.191794	0.969388	27.917743
206.291800	0.969388	27.955955
206.391805	0.969388	27.841321
206.491811	0.969388	27.975061
206.591816	0.969388	27.936849
206.691823	0.969388	27.917743
206.791828	0.969388	27.879532
206.891834	0.969388	27.917743
206.991839	0.969388	27.879532
207.091845	2.551020	27.936849
207.191851	2.551020	27.936849
207.291857	2.551020	27.898638
207.393862	2.551020	27.822215
207.491868	2.551020	27.879532
207.591874	2.551020	27.860426
207.691879	2.551020	27.841321
207.791885	2.551020	27.822215
207.891891	2.551020	27.764898
207.991897	2.551020	27.917743
208.091902	2.551020	27.822215
208.191908	2.551020	27.784004
208.291914	2.551020	27.822215
208.391920	2.551020	27.860426
208.491925	2.551020	27.784004
208.591931	2.551020	27.707581
208.691936	2.551020	27.745792
208.791943	2.551020	27.784004
208.891948	2.551020	27.745792
208.991954	2.551020	27.764898
209.091959	2.551020	27.745792
209.191965	2.551020	27.784004
209.291971	2.551020	27.784004
209.391977	2.551020	27.784004
209.491982	2.551020	27.707581
209.591988	2.551020	27.784004
209.691994	2.551020	27.745792
209.792000	2.551020	27.841321
209.892005	2.551020	27.803109
209.992011	2.551020	27.860426
210.092017	2.551020	27.822215
210.192022	2.551020	27.917743
210.292028	2.551020	27.841321
210.392034	2.551020	27.860426
210.492040	2.551020	27.803109
210.592045	2.551020	27.822215
210.692051	2.551020	27.841321
210.792057	2.551020	27.841321
210.892063	2.551020	27.898638
210.992068	2.551020	27.898638
211.092074	2.551020	27.917743
211.192080	2.551020	28.032378
211.292085	2.551020	28.013272
211.392091	2.551020	28.013272
211.492097	2.551020	28.013272
211.592103	2.551020	27.955955
211.692108	2.551020	28.032378
211.792114	2.551020	27.994166
211.892120	2.551020	28.051483
211.992126	2.551020	28.051483
212.092131	2.551020	28.070589
212.192137	2.551020	28.108800
212.292142	2.551020	28.127906
212.392148	2.551020	28.166117
212.492154	2.551020	28.204329
212.592160	2.551020	28.185223
212.692165	2.551020	28.185223
212.792171	2.551020	28.204329
212.892177	2.551020	28.185223
212.992183	2.551020	28.127906
213.092188	2.551020	28.204329
213.192194	2.551020	28.166117
213.292200	2.551020	28.204329
213.392206	2.551020	28.318963
213.492211	2.551020	28.357174
213.592217	2.551020	28.338068
213.692223	2.551020	28.395385
213.792228	2.551020	28.338068
213.892234	2.551020	28.376280
213.992240	2.551020	28.357174
214.092246	2.551020	28.376280
214.192251	2.551020	28.318963
214.292257	2.551020	28.376280
214.392263	2.551020	28.376280
214.492269	2.551020	28.433597
214.592274	2.551020	28.490914
214.692280	2.551020	28.510019
214.792285	2.551020	28.510019
214.892292	2.551020	28.605548
214.992297	2.551020	28.548231
215.092303	2.551020	28.548231
215.192308	2.551020	28.605548
215.292314	2.551020	28.529125
215.392320	2.551020	28.529125
215.492326	2.551020	28.510019
215.592331	2.551020	28.529125
215.692337	2.551020	28.586442
215.792343	2.551020	28.739287
215.892348	2.551020	28.758393
215.992354	2.551020	28.777499
216.092360	2.551020	28.739287
216.192366	2.551020	28.796604
216.292371	2.551020	28.720182
216.392377	2.551020	28.739287
216.492383	2.551020	28.739287
216.592389	2.551020	28.834816
216.692394	2.551020	28.777499
216.792400	2.551020	28.739287
216.892406	2.551020	28.796604
216.992412	2.551020	28.873027
217.092417	2.551020	28.892133
217.192423	2.551020	28.930344
217.292428	2.551020	28.930344
217.392434	2.551020	28.930344
217.492440	2.551020	28.930344
217.592446	2.551020	28.930344
217.692451	2.551020	28.930344
217.792457	2.551020	28.911238
217.892463	2.551020	28.911238
217.992469	2.551020	28.930344
218.092474	2.551020	28.892133
218.192480	2.551020	28.949450
218.292486	2.551020	29.006767
218.392491	2.551020	29.025872
218.492497	2.551020	29.064084
218.592503	2.551020	29.006767
218.692509	2.551020	29.044978
218.792514	2.551020	29.006767
218.892520	2.551020	29.025872
218.992526	2.551020	29.006767
219.092532	2.551020	29.006767
219.192537	2.551020	29.064084
219.292543	2.551020	29.025872
219.392549	2.551020	29.102295
219.492554	2.551020	29.140506
219.592560	2.551020	29.178718
219.691566	2.551020	29.159612
219.791572	2.551020	29.159612
219.891577	2.551020	29.197823
219.991583	2.551020	29.178718
220.091588	2.551020	29.140506
220.191595	2.551020	29.197823
220.291600	2.551020	29.178718
220.391606	2.551020	29.121401
220.491611	2.551020	29.140506
220.591617	2.551020	29.293352
220.691623	2.551020	29.312457
220.791629	2.551020	29.236035
220.891634	2.551020	29.274246
220.991640	2.551020	29.255140
221.091646	2.551020	29.350669
221.191652	2.551020	29.274246
221.291657	2.551020	29.369774
221.391663	2.551020	29.293352
221.491669	2.551020	29.331563
221.591674	2.551020	29.312457
221.691680	2.551020	29.312457
221.791686	2.551020	29.369774
221.891692	2.551020	29.427091
221.991697	2.551020	29.407986
222.091703	2.551020	29.446197
222.191709	2.551020	29.427091
222.291715	2.551020	29.465303
222.391720	2.551020	29.465303
222.491726	2.551020	29.446197
222.591732	2.551020	29.446197
222.691737	2.551020	29.446197
222.791743	2.551020	29.388880
222.891749	2.551020	29.465303
222.991755	2.551020	29.541725
223.091760	2.551020	29.560831
223.191766	2.551020	29.522620
223.291772	2.551020	29.541725
223.391778	2.551020	29.522620
223.491783	2.551020	29.618148
223.591789	2.551020	29.541725
223.691794	2.551020	29.579937
223.791800	2.551020	29.579937
223.891806	2.551020	29.579937
223.991812	2.551020	29.541725
224.091817	2.551020	29.637254
224.191823	2.551020	29.656359
224.291829	2.551020	29.694571
224.391835	2.551020	29.656359
224.491840	2.551020	29.694571
224.591846	2.551020	29.732782
224.691852	2.551020	29.732782
224.791858	2.551020	29.694571
224.891863	2.551020	29.751888
224.991869	2.551020	29.694571
225.091875	2.551020	29.694571
225.191880	2.551020	29.694571
225.291886	2.551020	29.732782
225.391892	2.551020	29.751888
225.491898	2.551020	29.732782
225.591903	2.551020	29.770993
225.691909	2.551020	29.847416
225.791915	2.551020	29.770993
225.891921	2.551020	29.751888
225.991926	2.551020	29.847416
226.091932	2.551020	29.809205
226.191937	2.551020	29.770993
226.291943	2.551020	29.828310
226.391949	2.551020	29.828310
226.491955	2.551020	29.790099
226.591960	2.551020	29.847416
226.691966	2.551020	29.809205
226.791972	2.551020	29.828310
226.891978	2.551020	29.866522
226.991983	2.551020	29.847416
227.091989	2.551020	29.904733
227.191995	2.551020	29.885627
227.292000	2.551020	29.847416
227.392006	2.551020	29.809205
227.492012	2.551020	29.847416
227.592018	2.551020	29.828310
227.692023	2.551020	29.828310
227.792029	2.551020	29.923839
227.892035	2.551020	29.866522
227.992041	2.551020	29.904733
228.092046	0.918367	29.904733
228.192052	0.918367	29.962050
228.292058	0.918367	29.942944
228.392064	0.918367	29.962050
228.492069	0.918367	29.942944
228.592075	0.918367	29.923839
228.692080	0.918367	29.923839
228.792086	0.918367	29.942944
228.892092	0.918367	29.962050
228.992098	0.918367	30.000261
229.092103	0.918367	30.000261
229.192109	0.918367	30.076684
229.292115	0.918367	30.095790
229.392121	0.918367	30.114895
229.492126	0.918367	30.076684
229.592132	0.918367	30.076684
229.692138	0.918367	30.038473
229.792143	0.918367	30.114895
229.892149	0.918367	30.076684
229.992155	0.918367	30.076684
230.092161	0.918367	30.057578
230.192166	0.918367	30.076684
230.292172	0.918367	30.114895
230.392178	0.918367	30.038473
230.492184	0.918367	30.076684
230.592189	0.918367	30.038473
230.692195	0.918367	30.095790
230.792201	0.918367	30.057578
230.892206	0.918367	30.057578
230.992212	0.918367	30.076684
231.092218	0.918367	30.095790
231.192224	0.918367	30.038473
231.292229	0.918367	30.076684
231.392235	0.918367	30.019367
231.492241	0.918367	29.981156
231.592247	0.918367	29.923839
231.692252	0.918367	29.981156
231.792258	0.918367	29.885627
231.892263	0.918367	29.904733
231.992270	0.918367	29.942944
232.092275	0.918367	29.942944
232.192281	0.918367	29.923839
232.292286	0.918367	29.847416
232.392292	0.918367	29.904733
232.492298	0.918367	29.923839
232.592304	0.918367	29.809205
232.692309	0.918367	29.770993
232.792315	0.918367	29.751888
232.892321	0.918367	29.770993
232.992327	0.918367	29.713676
233.092332	0.918367	29.713676
233.192338	0.918367	29.694571
233.292344	0.918367	29.694571
233.392349	0.918367	29.770993
233.492355	0.918367	29.751888
233.592361	0.918367	29.770993
233.692367	0.918367	29.732782
233.792372	0.918367	29.618148
233.892378	0.918367	29.656359
233.992384	0.918367	29.618148
234.092390	0.918367	29.560831
234.192395	0.918367	29.484408
234.292401	0.918367	29.560831
234.392406	0.918367	29.599042
234.492413	0.918367	29.541725
234.592418	0.918367	29.579937
234.692424	0.918367	29.541725
234.792429	0.918367	29.541725
234.892435	0.918367	29.465303
234.992441	0.918367	29.388880
235.092447	0.918367	29.427091
235.192452	0.918367	29.427091
235.292458	0.918367	29.388880
235.392464	0.918367	29.407986
235.492470	0.918367	29.369774
235.592475	0.918367	29.350669
235.692481	3.010204	29.369774
235.792487	3.010204	29.388880
235.892492	3.010204	29.369774
235.992498	3.010204	29.427091
236.092504	3.010204	29.350669
236.192510	3.010204	29.312457
236.292515	3.010204	29.293352
236.392521	3.010204	29.255140
236.492527	3.010204	29.197823
236.592533	3.010204	29.178718
236.692538	3.010204	29.197823
236.792544	3.010204	29.197823
236.892550	3.010204	29.236035
236.992556	3.010204	29.159612
237.092561	3.010204	29.197823
237.191567	3.010204	29.255140
237.291573	3.010204	29.197823
237.391578	3.010204	29.121401
237.491584	3.010204	29.044978
237.591589	3.010204	29.140506
237.691595	3.010204	29.083189
237.791601	3.010204	29.102295
237.891607	3.010204	29.083189
237.991612	3.010204	29.064084
238.091618	3.010204	29.102295
238.191624	3.010204	29.083189
238.291630	3.010204	29.083189
238.391635	3.010204	29.083189
238.491641	3.010204	29.828310
238.591647	3.010204	29.006767
238.691652	3.010204	29.159612
238.791658	3.010204	29.159612
238.891664	3.010204	29.159612
238.991670	3.010204	29.102295
239.091675	3.010204	29.102295
239.191681	3.010204	29.197823
239.291687	3.010204	29.140506
239.391693	3.010204	29.178718
239.491698	3.010204	29.140506
239.591704	3.010204	29.140506
239.691710	3.010204	29.197823
239.791716	3.010204	29.197823
239.891721	3.010204	29.236035
239.991727	3.010204	29.293352
240.091733	3.010204	29.312457
240.191738	3.010204	29.350669
240.291744	3.010204	29.350669
240.391750	3.010204	29.331563
240.491755	3.010204	29.350669
240.591761	3.010204	29.312457
240.691767	3.010204	29.312457
240.791773	3.010204	29.312457
240.891778	3.010204	29.293352
240.991784	3.010204	29.369774
241.091790	3.010204	29.503514
241.191795	3.010204	29.503514
241.291801	3.010204	29.503514
241.391807	3.010204	29.484408
241.491813	3.010204	29.560831
241.591818	3.010204	29.503514
241.691824	3.010204	29.560831
241.791830	3.010204	29.560831
241.891836	3.010204	29.541725
241.991841	3.010204	29.579937
242.091847	3.010204	29.484408
242.191853	3.010204	29.599042
242.291859	3.010204	29.675465
242.391864	3.010204	29.732782
242.491870	3.010204	29.732782
242.591876	0.867347	29.713676
242.691881	0.867347	29.751888
242.791887	0.867347	29.713676
242.891893	0.867347	29.809205
242.991899	0.867347	29.751888
243.091904	0.867347	29.751888
243.191910	0.867347	29.713676
243.291916	0.867347	29.732782
243.391922	0.867347	29.828310
243.491927	0.867347	29.828310
243.591933	0.867347	29.847416
243.691938	0.867347	29.942944
243.791945	0.867347	29.866522
243.891950	0.867347	29.885627
243.991956	0.867347	29.847416
244.092961	0.867347	29.962050
244.191967	0.867347	29.885627
244.291973	0.867347	29.962050
244.391979	0.867347	29.904733
244.491984	0.867347	29.885627
244.591990	0.867347	29.904733
244.691996	0.867347	29.962050
244.792002	0.867347	30.019367
244.892007	0.867347	30.038473
244.992013	0.867347	30.000261
245.092019	0.867347	30.038473
245.192024	0.867347	30.057578
245.292030	0.867347	30.019367
245.392036	0.867347	30.114895
245.492042	0.867347	30.038473
245.592047	0.867347	30.057578
245.692053	0.867347	30.076684
245.793059	0.867347	30.019367
245.892065	0.867347	29.962050
245.992070	0.867347	30.000261
246.092076	0.867347	29.885627
246.192081	0.867347	30.000261
246.292087	0.867347	29.942944
246.392093	0.867347	29.923839
246.492099	0.867347	29.981156
246.592104	0.867347	29.923839
246.692110	0.867347	29.942944
246.792116	0.867347	29.981156
246.892122	0.867347	29.923839
246.992127	0.867347	29.828310
247.092133	0.867347	29.847416
247.192139	0.867347	29.790099
247.292144	0.867347	29.770993
247.392150	0.867347	29.847416
247.492156	0.867347	29.770993
247.592162	0.867347	29.770993
247.692167	0.867347	29.809205
247.792173	0.867347	29.751888
247.892179	0.867347	29.751888
247.992185	0.867347	29.790099
248.092190	0.867347	29.828310
248.192196	0.867347	29.694571
248.292202	0.867347	29.656359
248.392208	0.867347	29.618148
248.492213	0.867347	29.599042
248.592219	0.867347	29.599042
248.692225	0.867347	29.618148
248.792230	0.867347	29.599042
248.892236	0.867347	29.637254
248.992242	0.867347	29.541725
249.092247	0.867347	29.579937
249.192253	0.867347	29.560831
249.292259	0.867347	29.599042
249.392265	0.867347	29.560831
249.492270	0.867347	29.503514
249.592276	0.867347	29.427091
249.692282	0.867347	29.446197
249.792287	0.867347	29.446197
249.892293	0.867347	29.388880
249.993299	0.867347	29.407986
250.092305	0.867347	29.388880
250.192310	0.867347	29.388880
250.292316	0.867347	29.446197
250.392322	0.867347	29.388880
250.492328	0.867347	29.388880
250.592333	0.867347	29.350669
250.692339	0.867347	29.274246
250.792345	0.867347	29.197823
250.892350	0.867347	29.274246
250.992356	0.867347	29.236035
251.092362	0.867347	29.140506
251.192368	0.867347	29.159612
251.292373	0.867347	29.255140
251.392379	0.867347	29.159612
251.492385	0.867347	29.159612
251.592391	0.867347	29.216929
251.692396	0.867347	29.178718
251.792402	0.867347	29.178718
251.892407	0.867347	29.159612
251.992414	0.867347	29.025872
252.092419	0.867347	29.044978
252.192425	0.867347	29.006767
252.292430	0.867347	29.025872
252.392436	0.867347	29.025872
252.492442	0.867347	29.006767
252.592448	0.867347	29.044978
252.692453	0.867347	29.006767
252.792459	0.867347	29.025872
252.892465	0.867347	29.006767
252.992471	0.867347	29.025872
253.092476	0.867347	28.892133
253.192482	0.867347	28.873027
253.292488	0.867347	28.873027
253.392493	0.867347	28.834816
253.492499	0.867347	28.834816
253.592505	0.867347	28.873027
253.692511	0.867347	28.815710
253.792516	0.867347	28.853921
253.892522	0.867347	28.873027
253.992527	0.867347	28.834816
254.092534	0.867347	28.796604
254.192539	0.867347	28.853921
254.292545	0.867347	28.815710
254.392550	0.867347	28.720182
254.492556	0.867347	28.739287
254.591562	0.867347	28.681970
254.691568	0.867347	28.681970
254.791574	0.867347	28.643759
254.891579	0.867347	28.681970
254.991585	0.867347	28.643759
255.091590	0.867347	28.624653
255.191597	0.867347	28.624653
255.291602	0.867347	28.701076
255.391608	0.867347	28.701076
255.491613	0.867347	28.605548
255.591619	0.867347	28.605548
255.691625	0.867347	28.662865
255.791631	0.867347	28.586442
255.891636	0.867347	28.605548
255.991642	0.867347	28.567336
256.091648	0.867347	28.567336
256.191654	0.867347	28.490914
256.291659	0.867347	28.548231
256.391665	0.867347	28.605548
256.491671	0.867347	28.586442
256.591676	0.867347	28.605548
256.691682	0.867347	28.471808
256.791688	0.867347	28.471808
256.891694	0.867347	28.414491
256.991699	0.867347	28.357174
257.091705	0.867347	28.338068
257.191710	0.867347	28.395385
257.291717	0.867347	28.433597
257.391722	0.867347	28.433597
257.491728	0.867347	28.433597
257.591733	0.867347	28.376280
257.691739	0.867347	28.376280
257.791745	0.867347	28.452702
257.891751	0.867347	28.318963
257.991756	0.867347	28.299857
258.091762	0.867347	28.280751
258.191768	0.867347	28.261646
258.291774	0.867347	28.280751
258.391779	0.867347	28.261646
258.491785	0.867347	28.280751
258.591791	0.867347	28.280751
258.691796	0.867347	28.261646
258.791802	0.867347	28.318963
258.891808	0.867347	28.280751
258.991814	0.867347	28.280751
259.091819	0.867347	28.280751
